
| task | Find All |How Many |Find One |Yes or No |Multiple Choice |Existence | total |
|:------:|:------:|:------:|:------:|:------:|:------:|:------:|:------:|
|node|48 |48 |0 |48 |48 |0 |192 |
|edge|48 |48 |0 |48 |48 |0 |192 |
|2_node_relation|24 |24 |0 |24 |24 |24 |120 |
|3_node_relation|24 |24 |0 |24 |24 |24 |120 |
|path|24 |24 |72 |24 |24 |0 |168 |
|cycle|0 |0 |36 |36 |36 |36 |144 |
|topological|0 |0 |48 |48 |48 |0 |144 |
|blocked_path|0 |0 |72 |36 |36 |0 |144 |
|d-separation|0 |0 |60 |30 |30 |0 |120 |
|markov_equivalent|0 |0 |60 |60 |0 |0 |120 |
|markov_blanket|0 |0 |48 |48 |48 |0 |144 |
|directed_path|24 |24 |0 |24 |24 |24 |120 |
|backdoor_path|24 |24 |48 |24 |24 |0 |144 |
|c-component|36 |36 |0 |36 |0 |0 |108 |
|c-tree|0 |0 |0 |120 |0 |0 |120 |
|c-forest|0 |0 |0 |120 |0 |0 |120 |
|maximal_root_set|48 |48 |0 |48 |48 |0 |192 |
|backdoor_adjustment_set|0 |0 |72 |24 |24 |12 |132 |
|frontdoor_adjustment_set|0 |0 |72 |24 |24 |24 |144 |
|identification|0 |0 |0 |120 |0 |0 |120 |
|total|300 |300 |588 |966 |510 |144 |2808 |

|task | Yes. | No. | judge_total |
|:------:|:------:|:------:|:------:|
|node|26 |22 |48 |
|edge|19 |29 |48 |
|2_node_relation|19 |29 |48 |
|3_node_relation|25 |23 |48 |
|path|14 |10 |24 |
|cycle|43 |29 |72 |
|topological|23 |25 |48 |
|blocked_path|19 |17 |36 |
|d-separation|14 |16 |30 |
|markov_equivalent|24 |36 |60 |
|markov_blanket|24 |24 |48 |
|directed_path|19 |29 |48 |
|backdoor_path|11 |13 |24 |
|c-component|18 |18 |36 |
|c-tree|30 |90 |120 |
|c-forest|60 |60 |120 |
|maximal_root_set|24 |24 |48 |
|backdoor_adjustment_set|17 |19 |36 |
|frontdoor_adjustment_set|23 |25 |48 |
|identification|52 |68 |120 |
|total|504 |606 |1110 |

|task |  A | B | C | D | MC_total |
|:------:|:------:|:------:|:------:|:------:|:------:|
|node|9 |14 |14 |11 |48 |
|edge|14 |15 |10 |9 |48 |
|2_node_relation|7 |3 |7 |7 |24 |
|3_node_relation|8 |3 |8 |5 |24 |
|path|7 |7 |7 |3 |24 |
|cycle|9 |5 |11 |11 |36 |
|topological|11 |11 |16 |10 |48 |
|blocked_path|11 |7 |8 |10 |36 |
|d-separation|8 |5 |6 |11 |30 |
|markov_equivalent|0 |0 |0 |0 |0 |
|markov_blanket|14 |9 |11 |14 |48 |
|directed_path|7 |7 |4 |6 |24 |
|backdoor_path|7 |8 |7 |2 |24 |
|c-component|0 |0 |0 |0 |0 |
|c-tree|0 |0 |0 |0 |0 |
|c-forest|0 |0 |0 |0 |0 |
|maximal_root_set|14 |9 |8 |17 |48 |
|backdoor_adjustment_set|7 |4 |6 |7 |24 |
|frontdoor_adjustment_set|3 |8 |8 |5 |24 |
|identification|0 |0 |0 |0 |0 |
|total|136 |115 |131 |128 |510 |
